Cost: 74.8697
Elapsed: 334"
DATA_SECTION
24.7483 50.8400
25.3008 51.3944
25.2114 51.6192
25.1219 51.2183
25.6458 51.4500
25.3589 51.3336
25.4514 50.9250
25.3119 51.0031
25.8881 51.3864
25.2814 51.5125
25.2925 51.5208
26.0489 51.0569
25.8478 51.2058
25.5458 51.3875
25.9447 51.4564
25.4697 51.3975
25.6839 51.5058
25.9836 51.3281
25.8575 51.4414
25.4297 50.7858
25.6669 51.1744
25.5008 50.9806
25.8167 51.1333
25.6103 51.4753
25.2708 51.5231
25.8719 51.3547
25.2144 51.3789
25.2881 51.5467
25.0308 51.2753
26.0503 51.2975
25.2772 51.5478
25.5500 51.4333
25.4169 51.4039
25.4000 51.1833
25.9042 51.2017
25.2861 51.5042
26.0781 51.3617
25.5747 51.4864
25.2792 51.4456
25.3206 51.4956
25.4950 50.8467
26.0506 51.1358
25.8333 51.0722
25.8575 51.2989
25.3778 51.2947
25.8725 51.2583
25.2783 51.5414
25.8831 51.1853
25.3392 51.1733
25.4806 50.9389
25.2833 51.5333
25.0678 51.0775
25.2908 51.5283
25.8500 51.0333
25.6961 51.2608
25.5319 51.3044
25.6500 51.3722
25.2867 51.5333
25.8267 51.0439
25.1689 51.0864
25.9375 51.3133
24.7589 51.2119
25.7175 51.0578
25.2986 51.0017
26.0550 51.3161
25.5675 50.9589
26.1333 51.3000
25.2667 50.9692
26.1081 51.2447
26.1333 51.2167
25.0100 51.0394
25.4906 51.3736
25.4000 51.4250
25.2428 51.4289
25.6225 51.4544
25.5333 50.9772
25.7653 51.0197
25.2525 51.5592
25.2636 51.5164
26.0336 51.2003
25.6094 51.0922
25.2667 51.4833
25.1739 51.2694
25.1000 51.5167
25.5603 51.1586
25.7167 51.0500
25.3167 50.7667
25.1508 51.5378
25.2708 51.5058
25.2706 51.5328
25.4047 51.0731
25.2783 51.5256
25.7083 51.5917
26.0003 51.2944
25.3267 51.3503
25.5856 51.1514
25.2658 51.5453
25.2108 51.3942
25.8667 51.0667
24.8272 51.3947
25.8236 51.1525
25.7933 51.4094
26.0836 51.1472
24.9044 51.1750
25.2539 51.5353
25.3744 51.4367
26.0500 51.2500
25.3225 51.5078
26.1236 51.1692
25.8083 51.0606
25.1678 51.6069
25.3069 51.5078
25.9583 51.0994
26.0767 51.1669
25.2919 51.4244
25.7758 51.0231
25.7511 51.4492
26.0336 51.1639
25.7792 51.4497
25.3686 51.2264
25.8297 51.2453
25.8678 51.2056
25.5669 51.4847
25.2356 51.4956
25.8392 51.4653
25.2811 51.5350
25.5106 51.2422
25.4169 51.4578
25.8808 51.2214
25.4592 51.3167
25.4833 51.3833
25.2758 51.5336
24.9961 51.5489
25.3153 51.4386
25.4781 51.3625
25.4922 51.4003
26.0167 51.3333
25.7231 51.0042
26.0333 51.1167
26.0747 51.0836
26.1503 51.1081
25.2342 51.2031
25.3636 51.2811
25.3253 51.4700
25.2431 51.4525
25.9578 51.0753
26.0772 51.2222
25.2861 51.5342
25.2569 51.3989
25.1583 51.1636
25.5497 51.4319
25.4194 50.7936
25.9283 51.3375
25.7722 51.4833
25.7008 51.5847
25.2356 51.3300
25.3419 51.5075
25.2847 51.5553
26.0217 51.3669
25.4950 50.9653
25.7347 51.5475
26.1236 51.2228
25.3969 51.4225
25.9500 51.0667
25.2539 51.5497
25.4444 50.9583
25.9000 51.0000
25.2142 50.8072
25.4333 51.2200
25.7583 51.3958
25.1033 51.5217
26.0086 51.0836
25.8567 51.0833
25.6864 51.4689
26.0333 51.1667
25.2333 51.3333
25.2875 51.5378
25.5389 51.4083
25.7519 50.9208
25.9517 51.3497
25.3406 51.2936
25.9667 51.2833
26.0672 51.2586
25.3139 50.8833
25.2836 51.5467
26.1167 51.2167
25.3375 51.4250
25.2242 51.1744
25.2233 51.4517
25.4408 51.3781
25.9833 51.4000
26.0997 51.1611
25.1622 51.2208
25.4975 51.4853
24.7483 50.8400
