100

4
A
B
C
D
1 2 4 3
4 1 2 3
2 4 3 1
3 1 4 2
3 2 4 1
4 1 2 3
2 4 3 1

5
A
B
C
D
E
5 1 2 4 3
1 3 4 2 5
3 1 5 2 4
3 1 4 5 2
5 1 3 4 2

2
A
B
2 1
2 1
2 1
2 1
2 1

2
A
B
1 2
1 2
1 2
1 2
2 1
1 2
1 2
1 2

3
A
B
C
2 1 3
2 1 3
1 2 3
2 3 1
1 2 3

2
A
B
2 1

3
A
B
C
3 2 1
2 1 3
3 2 1
1 2 3
2 3 1
2 3 1
2 1 3

4
A
B
C
D
4 1 2 3
3 2 1 4
2 3 4 1

1
A
1
1
1
1
1
1
1
1
1

3
A
B
C
1 2 3
2 3 1
1 3 2

5
A
B
C
D
E
4 2 1 5 3
3 5 1 4 2
2 3 1 5 4
5 2 1 4 3
5 1 4 2 3
2 4 5 3 1
1 5 3 4 2
4 5 1 2 3
2 3 1 4 5

2
A
B
1 2
1 2

4
A
B
C
D
4 1 3 2
3 1 4 2
4 2 1 3
1 4 3 2
2 3 4 1
3 2 4 1
1 2 4 3
1 4 2 3
3 1 4 2

2
A
B
2 1
2 1
1 2
1 2
2 1
1 2
2 1
2 1
1 2

4
A
B
C
D
2 4 1 3
3 2 4 1
1 2 4 3
2 3 1 4

1
A
1
1
1
1
1
1
1

3
A
B
C
1 3 2
2 1 3
2 3 1

3
A
B
C
3 1 2
1 3 2
1 3 2
2 3 1
2 1 3

5
A
B
C
D
E
1 2 5 3 4
4 2 5 3 1
5 4 1 2 3
3 2 1 5 4
4 5 2 3 1
3 1 4 5 2
3 1 2 5 4

3
A
B
C
3 2 1
2 1 3
2 1 3
3 2 1
1 3 2

3
A
B
C
2 3 1
3 1 2
2 3 1
2 1 3
1 3 2
3 1 2
3 2 1
3 2 1

3
A
B
C
1 2 3
3 2 1
3 1 2
3 2 1
3 2 1
1 2 3
3 2 1
1 3 2
2 1 3

1
A
1
1
1

3
A
B
C
2 3 1

4
A
B
C
D
2 4 3 1
2 3 1 4
1 4 2 3
3 4 2 1
4 2 3 1
3 4 2 1
3 2 1 4
3 1 2 4

2
A
B
1 2
2 1
1 2
1 2

4
A
B
C
D
4 3 2 1
3 2 4 1
4 3 1 2
1 2 4 3
2 1 4 3
2 3 4 1
1 2 3 4

4
A
B
C
D
2 3 1 4
4 1 3 2
2 3 4 1
3 2 1 4
3 2 1 4
3 2 4 1
4 3 1 2
4 1 3 2

2
A
B
1 2
2 1
2 1
1 2

4
A
B
C
D
1 2 3 4
1 3 2 4
3 1 4 2
4 3 1 2
4 3 2 1
4 3 2 1
4 1 3 2
3 4 2 1
3 2 4 1

5
A
B
C
D
E
2 5 3 4 1
4 2 5 3 1
4 5 1 3 2
4 5 3 1 2
3 2 4 5 1
2 1 4 3 5
1 3 2 4 5

3
A
B
C
3 2 1
3 1 2
1 2 3
1 2 3
2 1 3
2 1 3
1 2 3

5
A
B
C
D
E
4 1 2 3 5
2 4 1 5 3
3 5 2 1 4
3 2 5 4 1
2 3 1 5 4
3 5 1 4 2
1 5 4 3 2
2 1 3 4 5
3 5 1 4 2
2 3 1 5 4

1
A
1
1
1
1
1
1
1
1
1

5
A
B
C
D
E
1 3 5 4 2

5
A
B
C
D
E
4 1 5 3 2
5 1 4 3 2
1 2 4 3 5

2
A
B
1 2
1 2
2 1
2 1
1 2
2 1
1 2
1 2
2 1

1
A
1
1
1
1
1
1
1

2
A
B
2 1
1 2
1 2
1 2
1 2
2 1
2 1

2
A
B
2 1
1 2
1 2
2 1
1 2
2 1
2 1
2 1
1 2
2 1

3
A
B
C
3 1 2
2 3 1
3 2 1
2 1 3

3
A
B
C
1 3 2
1 2 3
1 3 2
1 2 3

4
A
B
C
D
3 1 4 2
1 3 4 2
4 2 3 1
2 1 3 4
3 2 1 4
1 4 2 3
1 4 2 3

4
A
B
C
D
2 3 1 4
2 3 1 4
1 4 3 2
4 1 2 3
2 1 4 3

2
A
B
1 2
1 2
1 2
1 2
2 1
2 1
1 2
1 2
2 1
2 1

2
A
B
2 1
1 2
2 1
1 2

3
A
B
C
1 2 3
3 1 2
3 2 1
1 2 3

3
A
B
C
1 2 3
3 2 1
1 3 2
2 3 1
2 1 3
2 3 1
1 2 3
1 2 3

4
A
B
C
D
1 2 3 4
4 3 2 1

2
A
B
1 2
2 1
2 1
2 1

3
A
B
C
1 3 2
3 1 2
1 2 3
1 2 3

3
A
B
C
1 2 3
2 1 3
1 3 2
1 2 3
2 3 1
3 1 2
3 1 2
3 1 2
1 3 2

1
A
1
1
1
1
1
1
1
1
1

4
A
B
C
D
4 2 3 1

5
A
B
C
D
E
5 4 1 3 2
5 2 4 3 1
2 1 3 5 4
3 2 1 4 5
1 5 2 3 4
4 3 1 2 5
2 5 3 4 1

3
A
B
C
2 3 1
3 1 2
1 3 2
2 1 3
2 3 1
3 2 1
3 1 2
1 2 3
1 2 3

5
A
B
C
D
E
5 4 1 3 2
3 2 5 1 4
3 2 1 4 5

1
A
1

3
A
B
C
3 2 1
3 1 2
2 1 3
3 1 2
3 2 1
3 1 2
2 1 3

2
A
B
1 2
1 2
2 1
2 1
2 1
1 2
2 1
1 2
2 1

3
A
B
C
1 3 2
2 1 3
1 2 3
3 1 2
1 3 2
1 2 3
2 1 3
1 3 2
3 1 2
3 2 1

3
A
B
C
2 1 3
3 1 2
2 3 1
1 2 3
2 3 1
3 2 1
3 1 2
3 1 2
2 1 3

3
A
B
C
2 3 1

5
A
B
C
D
E
2 1 3 5 4
5 4 1 3 2
2 1 5 4 3
5 2 1 4 3
4 5 1 3 2

3
A
B
C
3 2 1
1 2 3
2 1 3

2
A
B
1 2
1 2
1 2

5
A
B
C
D
E
1 3 2 4 5
3 2 1 5 4
1 3 2 4 5
4 5 1 2 3
3 1 5 2 4
5 2 4 1 3
3 5 4 2 1
1 2 4 3 5
5 3 2 4 1

4
A
B
C
D
1 2 4 3
1 2 4 3
2 3 1 4
4 1 2 3
3 4 2 1

4
A
B
C
D
3 1 4 2
3 4 2 1
2 4 1 3
3 4 1 2

3
A
B
C
3 1 2
3 1 2
3 2 1
3 2 1
1 3 2
2 3 1
3 2 1
3 1 2

5
A
B
C
D
E
4 1 3 2 5
1 4 3 5 2
5 4 2 1 3
5 1 4 2 3
2 3 1 5 4

3
A
B
C
1 3 2
3 1 2
1 2 3
2 3 1
1 3 2
3 2 1
2 1 3

5
A
B
C
D
E
3 5 4 2 1
5 3 2 1 4
5 1 4 3 2
1 3 2 4 5

1
A
1

1
A
1
1
1
1
1
1
1
1
1

4
A
B
C
D
1 4 3 2
4 1 2 3

2
A
B
2 1
1 2
1 2
2 1
1 2
1 2
2 1
1 2
2 1
1 2

3
A
B
C
3 2 1
3 1 2
1 2 3
1 3 2
2 3 1
3 1 2
1 2 3
3 2 1
1 3 2

4
A
B
C
D
3 2 1 4
4 2 1 3
1 2 4 3
3 2 4 1
4 3 2 1

2
A
B
2 1
1 2
1 2
1 2
2 1
1 2

5
A
B
C
D
E
3 1 5 2 4
5 4 3 1 2
4 3 2 5 1
1 3 2 5 4

5
A
B
C
D
E
2 5 1 3 4

1
A
1
1
1
1
1
1
1

5
A
B
C
D
E
4 3 1 5 2
3 4 5 2 1
3 2 1 4 5
2 5 4 1 3
2 5 1 4 3
2 1 5 3 4
3 1 5 4 2
3 2 4 1 5

2
A
B
2 1
2 1
1 2
1 2
2 1
2 1
2 1
2 1
2 1
2 1

4
A
B
C
D
3 1 4 2
1 4 2 3

1
A
1
1
1
1
1
1

2
A
B
1 2
1 2
2 1
1 2
1 2
2 1
1 2

1
A
1
1
1
1
1

2
A
B
1 2
1 2
1 2
2 1
2 1
2 1
2 1
2 1
1 2
1 2

1
A
1
1
1
1
1
1
1
1
1

5
A
B
C
D
E
4 2 1 5 3
4 1 3 2 5
1 5 2 3 4

1
A
1
1
1
1
1
1

4
A
B
C
D
2 1 3 4
1 2 4 3
3 1 4 2
4 1 2 3
4 3 1 2
2 1 3 4
1 3 2 4
1 4 3 2
4 1 2 3
3 4 2 1

1
A
1
1
1
1
1
1

2
A
B
2 1
1 2
1 2
2 1
1 2
1 2
2 1
1 2
1 2
2 1

5
A
B
C
D
E
4 1 2 3 5
4 5 1 2 3
3 4 2 1 5
5 1 4 3 2

2
A
B
2 1
2 1
2 1
2 1
1 2
2 1
1 2
1 2
2 1
1 2

1
A
1
1

1
A
1
1
